(83, 3237),
(84, 3880),
(85, 2054),
(86, 1282),
(87, 2110),
(88, 3036),
(90, 3315),
(94, 4668),
(96, 2336),
(98, 1584),
(99, 2465),
(101, 2597),
(103, 3747),
(105, 3890),
(107, 6430),
(109, 8629),
(110, 2992),
(111, 2533),
(112, 2052),
(113, 1267),
(114, 5970),
(117, 5237),
(118, 3736),
(119, 6948),
(122, 2401),
(124, 3650),
(128, 5085),
(131, 1875),
(132, 7404),
(133, 8794),
(140, 1063),
(144, 4943),
(145, 2189),
(146, 4127),
(147, 3821),
(150, 5398),
(155, 4204),
(156, 4086),
(157, 6040),
(159, 7116),
(161, 6367),
(163, 6888),
(164, 1544),
(165, 6694),
(167, 3957),
(168, 7725),
(173, 10394),
(177, 5042),
(184, 5762),
(185, 4149),
(187, 8013),
(188, 12098),
(193, 6682),
(195, 9619),
(202, 9530),
(208, 6208),
(211, 7552),
(218, 5849),
(226, 5775),
(228, 11662),
(234, 11307),
(239, 1),
(247, 12496),
(248, 7608),
(257, 13078),
(265, 7765),
(267, 7971),
(268, 11989),
(269, 7729),
(277, 11830),
(282, 10383),
(287, 11083),
(290, 8285),
(292, 10552),
(297, 20133),
(301, 6352),
(304, 16131),
(338, 10045),
(339, 11795),
(343, 13557),
(345, 14768),
(350, 9047),
(363, 6149),
(369, 19312),
(390, 20315),
(395, 14100),
(419, 17719),
(424, 16854),
(452, 32283),
(469, 10728),
(494, 23610),
(495, 9294),
(558, 25406),
(570, 22706),
(695, 27599),
(965, 23102),
(1018, 46907),
(1287, 100976),
(1663, 47334),
(2325, 92624)