(11852, 1.0),
(1679, 0.941747572815534),
(1108, 0.9722222222222222),
(13138, 0.8639455782312925),
(17908, 1.0),
(3601, 0.9852941176470589),
(4862, 0.8974358974358975),
(22228, 0.8513513513513513),
(1005, 0.0034482758620689655),
(35989, 0.9487179487179487),
(2074, 1.0),
(52554, 0.9652777777777778),
(11887, 0.976878612716763),
(223, 0.8588235294117647),
(2860, 0.8903225806451613),
(1307, 0.8333333333333334),
(8413, 0.9836065573770492),
(5862, 1.0),
(8076, 0.9333333333333333),
(307, 1.0),
(14188, 0.8983050847457628),
(264, 0.90625),
(8507, 0.9428571428571428),
(13047, 0.9733333333333334),
(334, 1.0),
(22311, 0.9401709401709402),
(25, 0.9166666666666666),
(364, 0.6736111111111112),
(253, 0.3695652173913043),
(25433, 0.9867256637168141),
(795, 0.676056338028169),
(1934, 0.9680851063829787),
(11981, 0.9649122807017544),
(6029, 1.0),
(44269, 0.9033613445378151),
(2126, 1.0),
(36041, 0.9889807162534435),
(8402, 0.6521739130434783),
(2669, 0.946843853820598),
(279, 1.0),
(442, 0.8712121212121212),
(196, 0.7357512953367875),
(4257, 0.9757575757575757),
(21054, 0.9345794392523364),
(1909, 0.9518072289156626),
(7250, 0.9877300613496932),
(8, 0.8991596638655462),
(5, 0.8547008547008547),
(401, 0.9119496855345912),
(1352, 0.9902912621359223),
(26338, 0.9691358024691358),
(10849, 0.9518072289156626),
(32036, 0.9959839357429718),
(23853, 1.0),
(1764, 0.9325842696629213),
(28666, 0.9),
(251, 0.9924242424242424),
(4376, 0.963302752293578),
(3019, 0.8571428571428571),
(8013, 0.9040697674418605),
(3382, 1.0),
(1036, 0.9545454545454546),
(1739, 0.9948717948717949),
(7071, 0.9107142857142857),
(4598, 0.9857142857142858),
(7224, 0.9757575757575757),
(2817, 0.8206896551724138),
(7828, 0.9850427350427351),
(9394, 0.9700854700854701),
(2958, 0.9930313588850174),
(6633, 0.9912280701754386),
(7972, 0.9823008849557522),
(603, 0.8158844765342961),
(7555, 1.0),
(5836, 0.846441947565543),
(1390, 0.9411764705882353),
(2392, 0.9724137931034482),
(449, 1.0),
(17230, 0.9970059880239521),
(601, 0.9772151898734177),
(2970, 1.0),
(88, 0.9660493827160493),
(3277, 0.956081081081081),
(5739, 0.9872773536895675),
(22047, 1.0),
(4856, 0.9543147208121827),
(2116, 0.9833333333333333),
(159, 0.9728813559322034),
(887, 0.9794871794871794),
(28746, 0.968421052631579),
(11032, 0.9875647668393782),
(183, 0.847870182555781),
(4253, 0.9909747292418772),
(4505, 1.0),
(930, 0.9817351598173516),
(7290, 0.9918887601390498),
(686, 0.9803049555273189),
(805, 0.9959749552772809),
(919, 0.996694214876033),
(-1, 0.199805272877)