(0, 0.9263411520226138),
(10, 0.9920941880733762),
(1, 0.9690693105425074),
(11, 0.992368345724324),
(12, 0.9960126155270879),
(13, 0.995849420849421),
(14, 0.9950440386680989),
(15, 0.990693502798766),
(16, 1.0),
(17, 1.0),
(18, 0.9986282578875171),
(19, 0.9957264957264957),
(20, 0.9952153110047847),
(2, 0.9859083640432469),
(21, 0.9932567049808428),
(22, 0.9977678571428571),
(23, 0.9920585487387107),
(24, 1.0),
(25, 1.0),
(26, 0.985369532428356),
(27, 0.9927314159987427),
(28, 0.9924242424242425),
(29, 0.9973404255319149),
(30, 0.9959183673469388),
(3, 0.9897237896825016),
(31, 0.9928571428571429),
(32, 1.0),
(33, 1.0),
(34, 1.0),
(35, 1.0),
(36, 1.0),
(37, 0.9916666666666667),
(38, 0.9966386554621849),
(39, 0.9901960784313726),
(40, 1.0),
(4, 0.9897544539623029),
(41, 1.0),
(42, 1.0),
(44, 1.0),
(45, 1.0),
(47, 1.0),
(48, 1.0),
(49, 1.0),
(50, 1.0),
(5, 0.9921915371661457),
(52, 1.0),
(6, 0.9950480633865595),
(7, 0.9928890627480309),
(8, 0.9931089034804205),
(9, 0.9969890758758209)
